############################
 
lda = 0.999;
eps = 0.01;

sigmaU = 3;
sigmaV = 3;
sigmaC = 0.1;

phi = 4;
bAlpha = 1;
bBeta = 1;
alpha = 0.1;

load('./inputs/inputs_2001_exp1.mat', 'trainingdata')
X=trainingdata.shapes;
V=trainingdata.pos;

[N,T] = size(X);
trainingLength = T;

Kmax = 1;
wburn = 5;
wsample = 10;
stepNo = 50;
burnIn = 0;
 
############################
 
     0


Znew =

     0
     0
     0
     0
     0
     0
     0
     0
     0
     0
     0
     0


Rnew =

    0.9848


time_i =

   46.1373

     1


Znew =

     1     0     0     0     0     0
     1     0     0     0     0     0
     0     1     0     0     0     0
     0     1     0     0     0     0
     0     0     1     0     0     0
     0     0     1     0     0     0
     0     0     0     1     0     0
     0     0     0     1     0     0
     0     0     0     0     1     0
     0     0     0     0     1     0
     0     0     0     0     0     1
     0     0     0     0     0     1


Rnew =

    0.5146    0.5097    0.4257    0.4759    0.4623    0.4598


time_i =

   60.7735

     2


Znew =

     1     0     0     0     0     0
     1     0     0     0     0     0
     0     1     0     0     0     0
     0     1     0     0     0     0
     0     0     1     0     0     0
     0     0     1     0     0     0
     0     0     0     1     0     0
     0     0     0     1     0     0
     0     0     0     0     1     0
     0     0     0     0     1     0
     0     0     0     0     0     1
     0     0     0     0     0     1


Rnew =

    0.4841    0.5597    0.4974    0.4190    0.4123    0.5590


time_i =

   56.0008

     3


Znew =

     1     0     0     0     0     0
     1     0     0     0     0     0
     0     1     0     0     0     0
     0     1     0     0     0     0
     0     0     1     0     0     0
     0     0     1     0     0     0
     0     0     0     1     0     0
     0     0     0     1     0     0
     0     0     0     0     1     0
     0     0     0     0     1     0
     0     0     0     0     0     1
     0     0     0     0     0     1


Rnew =

    0.5012    0.3609    0.4702    0.5549    0.4571    0.5068


time_i =

   55.3186

     4


Znew =

     1     0     0     0     0     0
     1     0     0     0     0     0
     0     1     0     0     0     0
     0     1     0     0     0     0
     0     0     1     0     0     0
     0     0     1     0     0     0
     0     0     0     1     0     0
     0     0     0     1     0     0
     0     0     0     0     1     0
     0     0     0     0     1     0
     0     0     0     0     0     1
     0     0     0     0     0     1


Rnew =

    0.4920    0.4980    0.4783    0.4383    0.4568    0.4588


time_i =

   45.4904

     5


Znew =

     1     0     0     0     0     0
     1     0     0     0     0     0
     0     1     0     0     0     0
     0     1     0     0     0     0
     0     0     1     0     0     0
     0     0     1     0     0     0
     0     0     0     1     0     0
     0     0     0     1     0     0
     0     0     0     0     1     0
     0     0     0     0     1     0
     0     0     0     0     0     1
     0     0     0     0     0     1


Rnew =

    0.5019    0.5123    0.5036    0.5738    0.4617    0.4283


time_i =

   45.6490

     6


Znew =

     1     0     0     0     0     0
     1     0     0     0     0     0
     0     1     0     0     0     0
     0     1     0     0     0     0
     0     0     1     0     0     0
     0     0     1     0     0     0
     0     0     0     1     0     0
     0     0     0     1     0     0
     0     0     0     0     1     0
     0     0     0     0     1     0
     0     0     0     0     0     1
     0     0     0     0     0     1


Rnew =

    0.4884    0.5231    0.4964    0.4320    0.5137    0.5530


time_i =

   47.4268

     7


Znew =

     1     0     0     0     0     0
     1     0     0     0     0     0
     0     1     0     0     0     0
     0     1     0     0     0     0
     0     0     1     0     0     0
     0     0     1     0     0     0
     0     0     0     1     0     0
     0     0     0     1     0     0
     0     0     0     0     1     0
     0     0     0     0     1     0
     0     0     0     0     0     1
     0     0     0     0     0     1


Rnew =

    0.6290    0.4572    0.5018    0.5129    0.5262    0.4402


time_i =

   48.4746

     8


Znew =

     1     0     0     0     0     0
     1     0     0     0     0     0
     0     1     0     0     0     0
     0     1     0     0     0     0
     0     0     1     0     0     0
     0     0     1     0     0     0
     0     0     0     1     0     0
     0     0     0     1     0     0
     0     0     0     0     1     0
     0     0     0     0     1     0
     0     0     0     0     0     1
     0     0     0     0     0     1


Rnew =

    0.5029    0.4900    0.4929    0.4807    0.4857    0.4676


time_i =

   47.6743

     9


Znew =

     1     0     0     0     0     0
     1     0     0     0     0     0
     0     1     0     0     0     0
     0     1     0     0     0     0
     0     0     1     0     0     0
     0     0     1     0     0     0
     0     0     0     1     0     0
     0     0     0     1     0     0
     0     0     0     0     1     0
     0     0     0     0     1     0
     0     0     0     0     0     1
     0     0     0     0     0     1


Rnew =

    0.5227    0.4979    0.5102    0.4894    0.4652    0.5258


time_i =

   47.0415

    10


Znew =

     1     0     0     0     0     0
     1     0     0     0     0     0
     0     1     0     0     0     0
     0     1     0     0     0     0
     0     0     1     0     0     0
     0     0     1     0     0     0
     0     0     0     1     0     0
     0     0     0     1     0     0
     0     0     0     0     1     0
     0     0     0     0     1     0
     0     0     0     0     0     1
     0     0     0     0     0     1


Rnew =

    0.5172    0.5301    0.5330    0.5491    0.4787    0.5294


time_i =

   51.8327

    11


Znew =

     1     0     0     0     0     0
     1     0     0     0     0     0
     0     1     0     0     0     0
     0     1     0     0     0     0
     0     0     1     0     0     0
     0     0     1     0     0     0
     0     0     0     1     0     0
     0     0     0     1     0     0
     0     0     0     0     1     0
     0     0     0     0     1     0
     0     0     0     0     0     1
     0     0     0     0     0     1


Rnew =

    0.5472    0.5523    0.4972    0.5406    0.5293    0.4683


time_i =

   48.7811

    12


Znew =

     1     0     0     0     0     0
     1     0     0     0     0     0
     0     1     0     0     0     0
     0     1     0     0     0     0
     0     0     1     0     0     0
     0     0     1     0     0     0
     0     0     0     1     0     0
     0     0     0     1     0     0
     0     0     0     0     1     0
     0     0     0     0     1     0
     0     0     0     0     0     1
     0     0     0     0     0     1


Rnew =

    0.5263    0.4779    0.5709    0.5296    0.4981    0.5216


time_i =

   51.1030

    13


Znew =

     1     0     0     0     0     0
     1     0     0     0     0     0
     0     1     0     0     0     0
     0     1     0     0     0     0
     0     0     1     0     0     0
     0     0     1     0     0     0
     0     0     0     1     0     0
     0     0     0     1     0     0
     0     0     0     0     1     0
     0     0     0     0     1     0
     0     0     0     0     0     1
     0     0     0     0     0     1


Rnew =

    0.5486    0.4882    0.5252    0.4616    0.5081    0.4764


time_i =

   44.0545

    14


Znew =

     1     0     0     0     0     0
     1     0     0     0     0     0
     0     1     0     0     0     0
     0     1     0     0     0     0
     0     0     1     0     0     0
     0     0     1     0     0     0
     0     0     0     1     0     0
     0     0     0     1     0     0
     0     0     0     0     1     0
     0     0     0     0     1     0
     0     0     0     0     0     1
     0     0     0     0     0     1


Rnew =

    0.5948    0.4759    0.4806    0.5749    0.5788    0.5300


time_i =

   45.8215

    15


Znew =

     1     0     0     0     0     0
     1     0     0     0     0     0
     0     1     0     0     0     0
     0     1     0     0     0     0
     0     0     1     0     0     0
     0     0     1     0     0     0
     0     0     0     1     0     0
     0     0     0     1     0     0
     0     0     0     0     1     0
     0     0     0     0     1     0
     0     0     0     0     0     1
     0     0     0     0     0     1


Rnew =

    0.4741    0.5821    0.5271    0.4536    0.5063    0.4287


time_i =

   41.4428

    16


Znew =

     1     0     0     0     0     0
     1     0     0     0     0     0
     0     1     0     0     0     0
     0     1     0     0     0     0
     0     0     1     0     0     0
     0     0     1     0     0     0
     0     0     0     1     0     0
     0     0     0     1     0     0
     0     0     0     0     1     0
     0     0     0     0     1     0
     0     0     0     0     0     1
     0     0     0     0     0     1


Rnew =

    0.4216    0.4336    0.5308    0.4860    0.5006    0.5080


time_i =

   46.9804

    17


Znew =

     1     0     0     0     0     0
     1     0     0     0     0     0
     0     1     0     0     0     0
     0     1     0     0     0     0
     0     0     1     0     0     0
     0     0     1     0     0     0
     0     0     0     1     0     0
     0     0     0     1     0     0
     0     0     0     0     1     0
     0     0     0     0     1     0
     0     0     0     0     0     1
     0     0     0     0     0     1


Rnew =

    0.4554    0.5739    0.5071    0.4413    0.5405    0.5156


time_i =

   45.1929

    18


Znew =

     1     0     0     0     0     0
     1     0     0     0     0     0
     0     1     0     0     0     0
     0     1     0     0     0     0
     0     0     1     0     0     0
     0     0     1     0     0     0
     0     0     0     1     0     0
     0     0     0     1     0     0
     0     0     0     0     1     0
     0     0     0     0     1     0
     0     0     0     0     0     1
     0     0     0     0     0     1


Rnew =

    0.5158    0.5081    0.5598    0.5195    0.5788    0.4812


time_i =

   45.9475

    19


Znew =

     1     0     0     0     0     0
     1     0     0     0     0     0
     0     1     0     0     0     0
     0     1     0     0     0     0
     0     0     1     0     0     0
     0     0     1     0     0     0
     0     0     0     1     0     0
     0     0     0     1     0     0
     0     0     0     0     1     0
     0     0     0     0     1     0
     0     0     0     0     0     1
     0     0     0     0     0     1


Rnew =

    0.5069    0.5410    0.4437    0.4916    0.5312    0.4791


time_i =

   47.9998

    20


Znew =

     1     0     0     0     0     0     0
     1     0     0     0     0     0     0
     0     1     0     0     0     0     0
     0     1     0     0     0     0     0
     0     0     1     0     0     0     0
     0     0     1     0     0     0     0
     0     0     0     1     0     0     0
     0     0     0     1     0     0     1
     0     0     0     0     1     0     0
     0     0     0     0     1     0     0
     0     0     0     0     0     1     0
     0     0     0     0     0     1     1


Rnew =

    0.5585    0.5718    0.4983    0.4834    0.4574    0.5080    0.0000


time_i =

   63.4807

    21


Znew =

     1     0     0     0     0     0
     1     0     0     0     0     0
     0     1     0     0     0     0
     0     1     0     0     0     0
     0     0     1     0     0     0
     0     0     1     0     0     0
     0     0     0     1     0     0
     0     0     0     1     0     0
     0     0     0     0     1     0
     0     0     0     0     1     0
     0     0     0     0     0     1
     0     0     0     0     0     1


Rnew =

    0.3955    0.4464    0.5036    0.4356    0.4370    0.4797


time_i =

   45.8650

    22


Znew =

     1     0     0     0     0     0
     1     0     0     0     0     0
     0     1     0     0     0     0
     0     1     0     0     0     0
     0     0     1     0     0     0
     0     0     1     0     0     0
     0     0     0     1     0     0
     0     0     0     1     0     0
     0     0     0     0     1     0
     0     0     0     0     1     0
     0     0     0     0     0     1
     0     0     0     0     0     1


Rnew =

    0.4857    0.4823    0.5202    0.4775    0.5268    0.4424


time_i =

   46.5280

    23


Znew =

     1     0     0     0     0     0
     1     0     0     0     0     0
     0     1     0     0     0     0
     0     1     0     0     0     0
     0     0     1     0     0     0
     0     0     1     0     0     0
     0     0     0     1     0     0
     0     0     0     1     0     0
     0     0     0     0     1     0
     0     0     0     0     1     0
     0     0     0     0     0     1
     0     0     0     0     0     1


Rnew =

    0.5289    0.5222    0.4534    0.4760    0.4634    0.4984


time_i =

   42.4231

    24


Znew =

     1     0     0     0     0     0
     1     0     0     0     0     0
     0     1     0     0     0     0
     0     1     0     0     0     0
     0     0     1     0     0     0
     0     0     1     0     0     0
     0     0     0     1     0     0
     0     0     0     1     0     0
     0     0     0     0     1     0
     0     0     0     0     1     0
     0     0     0     0     0     1
     0     0     0     0     0     1


Rnew =

    0.4442    0.5099    0.5297    0.5020    0.4508    0.5135


time_i =

   40.1859

    25


Znew =

     1     0     0     0     0     0
     1     0     0     0     0     0
     0     1     0     0     0     0
     0     1     0     0     0     0
     0     0     1     0     0     0
     0     0     1     0     0     0
     0     0     0     1     0     0
     0     0     0     1     0     0
     0     0     0     0     1     0
     0     0     0     0     1     0
     0     0     0     0     0     1
     0     0     0     0     0     1


Rnew =

    0.5939    0.4704    0.4756    0.5610    0.5073    0.5074


time_i =

   38.7616

    26


Znew =

     1     0     0     0     0     0
     1     0     0     0     0     0
     0     1     0     0     0     0
     0     1     0     0     0     0
     0     0     1     0     0     0
     0     0     1     0     0     0
     0     0     0     1     0     0
     0     0     0     1     0     0
     0     0     0     0     1     0
     0     0     0     0     1     0
     0     0     0     0     0     1
     0     0     0     0     0     1


Rnew =

    0.4810    0.5172    0.4270    0.5134    0.5407    0.5075


time_i =

   45.1842

    27


Znew =

     1     0     0     0     0     0
     1     0     0     0     0     0
     0     1     0     0     0     0
     0     1     0     0     0     0
     0     0     1     0     0     0
     0     0     1     0     0     0
     0     0     0     1     0     0
     0     0     0     1     0     0
     0     0     0     0     1     0
     0     0     0     0     1     0
     0     0     0     0     0     1
     0     0     0     0     0     1


Rnew =

    0.5338    0.4664    0.4941    0.4280    0.4935    0.5188


time_i =

   35.2008

    28


Znew =

     1     0     0     0     0     0
     1     0     0     0     0     0
     0     1     0     0     0     0
     0     1     0     0     0     0
     0     0     1     0     0     0
     0     0     1     0     0     0
     0     0     0     1     0     0
     0     0     0     1     0     0
     0     0     0     0     1     0
     0     0     0     0     1     0
     0     0     0     0     0     1
     0     0     0     0     0     1


Rnew =

    0.5095    0.5328    0.5331    0.4930    0.5882    0.4736


time_i =

   40.4376

    29


Znew =

     1     0     0     0     0     0
     1     0     0     0     0     0
     0     1     0     0     0     0
     0     1     0     0     0     0
     0     0     1     0     0     0
     0     0     1     0     0     0
     0     0     0     1     0     0
     0     0     0     1     0     0
     0     0     0     0     1     0
     0     0     0     0     1     0
     0     0     0     0     0     1
     0     0     0     0     0     1


Rnew =

    0.4729    0.5097    0.4793    0.5174    0.5519    0.5274


time_i =

   39.2748

    30


Znew =

     1     0     0     0     0     0
     1     0     0     0     0     0
     0     1     0     0     0     0
     0     1     0     0     0     0
     0     0     1     0     0     0
     0     0     1     0     0     0
     0     0     0     1     0     0
     0     0     0     1     0     0
     0     0     0     0     1     0
     0     0     0     0     1     0
     0     0     0     0     0     1
     0     0     0     0     0     1


Rnew =

    0.4271    0.5216    0.5161    0.5061    0.4623    0.5321


time_i =

   45.1815

    31


Znew =

     1     0     0     0     0     0
     1     0     0     0     0     0
     0     1     0     0     0     0
     0     1     0     0     0     0
     0     0     1     0     0     0
     0     0     1     0     0     0
     0     0     0     1     0     0
     0     0     0     1     0     0
     0     0     0     0     1     0
     0     0     0     0     1     0
     0     0     0     0     0     1
     0     0     0     0     0     1


Rnew =

    0.4637    0.5678    0.4744    0.4957    0.5059    0.5044


time_i =

   40.4319

    32


Znew =

     1     0     0     0     0     0
     1     0     0     0     0     0
     0     1     0     0     0     0
     0     1     0     0     0     0
     0     0     1     0     0     0
     0     0     1     0     0     0
     0     0     0     1     0     0
     0     0     0     1     0     0
     0     0     0     0     1     0
     0     0     0     0     1     0
     0     0     0     0     0     1
     0     0     0     0     0     1


Rnew =

    0.4971    0.5574    0.5203    0.4414    0.4970    0.4943


time_i =

   43.6337

    33


Znew =

     1     0     0     0     0     0
     1     0     0     0     0     0
     0     1     0     0     0     0
     0     1     0     0     0     0
     0     0     1     0     0     0
     0     0     1     0     0     0
     0     0     0     1     0     0
     0     0     0     1     0     0
     0     0     0     0     1     0
     0     0     0     0     1     0
     0     0     0     0     0     1
     0     0     0     0     0     1


Rnew =

    0.5351    0.4940    0.5793    0.5179    0.4496    0.5247


time_i =

   58.5237

    34


Znew =

     1     0     0     0     0     0     1
     1     0     0     0     0     0     0
     0     1     0     0     0     0     0
     0     1     0     0     0     0     0
     0     0     1     0     0     0     0
     0     0     1     0     0     0     0
     0     0     0     1     0     0     0
     0     0     0     1     0     0     0
     0     0     0     0     1     0     0
     0     0     0     0     1     0     0
     0     0     0     0     0     1     0
     0     0     0     0     0     1     0


Rnew =

    0.4781    0.4845    0.4511    0.4479    0.4750    0.5033    0.0041


time_i =

   41.2187

    35


Znew =

     1     0     0     0     0     0
     1     0     0     0     0     0
     0     1     0     0     0     0
     0     1     0     0     0     0
     0     0     1     0     0     0
     0     0     1     0     0     0
     0     0     0     1     0     0
     0     0     0     1     0     0
     0     0     0     0     1     0
     0     0     0     0     1     0
     0     0     0     0     0     1
     0     0     0     0     0     1


Rnew =

    0.4369    0.5715    0.4889    0.4633    0.4645    0.4705


time_i =

   47.4289

    36


Znew =

     1     0     0     0     0     0
     1     0     0     0     0     0
     0     1     0     0     0     0
     0     1     0     0     0     0
     0     0     1     0     0     0
     0     0     1     0     0     0
     0     0     0     1     0     0
     0     0     0     1     0     0
     0     0     0     0     1     0
     0     0     0     0     1     0
     0     0     0     0     0     1
     0     0     0     0     0     1


Rnew =

    0.4766    0.5416    0.4258    0.4631    0.4534    0.4950


time_i =

   43.3750

    37


Znew =

     1     0     0     0     0     0
     1     0     0     0     0     0
     0     1     0     0     0     0
     0     1     0     0     0     0
     0     0     1     0     0     0
     0     0     1     0     0     0
     0     0     0     1     0     0
     0     0     0     1     0     0
     0     0     0     0     1     0
     0     0     0     0     1     0
     0     0     0     0     0     1
     0     0     0     0     0     1


Rnew =

    0.5241    0.4879    0.4894    0.3743    0.5559    0.4865


time_i =

   44.0376

    38


Znew =

     1     0     0     0     0     0
     1     0     0     0     0     0
     0     1     0     0     0     0
     0     1     0     0     0     0
     0     0     1     0     0     0
     0     0     1     0     0     0
     0     0     0     1     0     0
     0     0     0     1     0     0
     0     0     0     0     1     0
     0     0     0     0     1     0
     0     0     0     0     0     1
     0     0     0     0     0     1


Rnew =

    0.4977    0.4912    0.4989    0.5641    0.4511    0.5796


time_i =

   40.7594

    39


Znew =

     1     0     0     0     0     0
     1     0     0     0     0     0
     0     1     0     0     0     0
     0     1     0     0     0     0
     0     0     1     0     0     0
     0     0     1     0     0     0
     0     0     0     1     0     0
     0     0     0     1     0     0
     0     0     0     0     1     0
     0     0     0     0     1     0
     0     0     0     0     0     1
     0     0     0     0     0     1


Rnew =

    0.4682    0.4537    0.4982    0.5331    0.4496    0.5225


time_i =

   46.8283

    40


Znew =

     1     0     0     0     0     0
     1     0     0     0     0     0
     0     1     0     0     0     0
     0     1     0     0     0     0
     0     0     1     0     0     0
     0     0     1     0     0     0
     0     0     0     1     0     0
     0     0     0     1     0     0
     0     0     0     0     1     0
     0     0     0     0     1     0
     0     0     0     0     0     1
     0     0     0     0     0     1


Rnew =

    0.4760    0.5039    0.4906    0.4856    0.5037    0.5176


time_i =

   44.5849

    41


Znew =

     1     0     0     0     0     0
     1     0     0     0     0     0
     0     1     0     0     0     0
     0     1     0     0     0     0
     0     0     1     0     0     0
     0     0     1     0     0     0
     0     0     0     1     0     0
     0     0     0     1     0     0
     0     0     0     0     1     0
     0     0     0     0     1     0
     0     0     0     0     0     1
     0     0     0     0     0     1


Rnew =

    0.5305    0.5586    0.5046    0.5570    0.5173    0.5099


time_i =

   38.8570

    42


Znew =

     1     0     0     0     0     0
     1     0     0     0     0     0
     0     1     0     0     0     0
     0     1     0     0     0     0
     0     0     1     0     0     0
     0     0     1     0     0     0
     0     0     0     1     0     0
     0     0     0     1     0     0
     0     0     0     0     1     0
     0     0     0     0     1     0
     0     0     0     0     0     1
     0     0     0     0     0     1


Rnew =

    0.5443    0.4641    0.4768    0.5562    0.5426    0.5612


time_i =

   59.9583

    43


Znew =

     1     0     0     0     0     0     1     0
     1     0     0     0     0     0     0     0
     0     1     0     0     0     0     0     0
     0     1     0     0     0     0     0     0
     0     0     1     0     0     0     1     0
     0     0     1     0     0     0     0     0
     0     0     0     1     0     0     1     0
     0     0     0     1     0     0     0     0
     0     0     0     0     1     0     0     0
     0     0     0     0     1     0     0     0
     0     0     0     0     0     1     0     1
     0     0     0     0     0     1     0     0


Rnew =

    0.5288    0.5048    0.5239    0.5118    0.4662    0.4775    0.0080    0.0000


time_i =

   60.4476

    44


Znew =

     1     0     0     0     0     0     0
     1     0     0     0     0     0     0
     0     1     0     0     0     0     1
     0     1     0     0     0     0     0
     0     0     1     0     0     0     0
     0     0     1     0     0     0     0
     0     0     0     1     0     0     0
     0     0     0     1     0     0     0
     0     0     0     0     1     0     0
     0     0     0     0     1     0     0
     0     0     0     0     0     1     0
     0     0     0     0     0     1     0


Rnew =

    0.5298    0.5360    0.4810    0.4306    0.5605    0.4447    0.0030


time_i =

   46.8114

    45


Znew =

     1     0     0     0     0     0
     1     0     0     0     0     0
     0     1     0     0     0     0
     0     1     0     0     0     0
     0     0     1     0     0     0
     0     0     1     0     0     0
     0     0     0     1     0     0
     0     0     0     1     0     0
     0     0     0     0     1     0
     0     0     0     0     1     0
     0     0     0     0     0     1
     0     0     0     0     0     1


Rnew =

    0.5460    0.5033    0.5482    0.5103    0.5305    0.4668


time_i =

   38.3798

    46


Znew =

     1     0     0     0     0     0
     1     0     0     0     0     0
     0     1     0     0     0     0
     0     1     0     0     0     0
     0     0     1     0     0     0
     0     0     1     0     0     0
     0     0     0     1     0     0
     0     0     0     1     0     0
     0     0     0     0     1     0
     0     0     0     0     1     0
     0     0     0     0     0     1
     0     0     0     0     0     1


Rnew =

    0.5534    0.4737    0.5202    0.4062    0.5190    0.5156


time_i =

   34.0187

    47


Znew =

     1     0     0     0     0     0
     1     0     0     0     0     0
     0     1     0     0     0     0
     0     1     0     0     0     0
     0     0     1     0     0     0
     0     0     1     0     0     0
     0     0     0     1     0     0
     0     0     0     1     0     0
     0     0     0     0     1     0
     0     0     0     0     1     0
     0     0     0     0     0     1
     0     0     0     0     0     1


Rnew =

    0.5075    0.5721    0.5415    0.5100    0.5172    0.4793


time_i =

   41.2801

    48


Znew =

     1     0     0     0     0     0
     1     0     0     0     0     0
     0     1     0     0     0     0
     0     1     0     0     0     0
     0     0     1     0     0     0
     0     0     1     0     0     0
     0     0     0     1     0     0
     0     0     0     1     0     0
     0     0     0     0     1     0
     0     0     0     0     1     0
     0     0     0     0     0     1
     0     0     0     0     0     1


Rnew =

    0.4801    0.5113    0.5028    0.4991    0.4879    0.4943


time_i =

   41.1506

    49


Znew =

     1     0     0     0     0     0
     1     0     0     0     0     0
     0     1     0     0     0     0
     0     1     0     0     0     0
     0     0     1     0     0     0
     0     0     1     0     0     0
     0     0     0     1     0     0
     0     0     0     1     0     0
     0     0     0     0     1     0
     0     0     0     0     1     0
     0     0     0     0     0     1
     0     0     0     0     0     1


Rnew =

    0.5243    0.4425    0.4661    0.4753    0.5210    0.4586


time_i =

   46.9651
